NARRE-TL: 20090403.t00z run | 1  2  3  4  5  6  7  8  9 10 11 12              

Need: 
RUC file  cycle|              fcst hour                   NAM file  cycle|              fcst hour
               |  1  2  3  4  5  6  7  8  9 10 11 12                     |  1  2  3  4  5  6  7  8  9 10 11 12
----------------------------------------------------     ------------------------------------------------------
 0 20090403 00 |  1  2  3  4  5  6  7  8  9 10 11 12   
-1 20090402 23 |  2  3  4  5  6  7  8  9 10 11 12 13      -6 20090402 18 |  7  8  9 10 11 12 13 14 15 16 17 18
-2 20090402 22 |  3  4  5  6  7  8  9 10 11 12 13 14     -12 20090402 12 | 13 14 15 16 17 18 19 20 21 22 23 24
-3 20090402 21 |  4  5  6  7  8  9 10 11 12 13 14 15     -18 20090402 06 | 19 20 21 22 23 24 25 26 27 28 29 30
-4 20090402 20 |  5  6  7  8  9 10 11 12 13 14 15 16     -24 20090402 00 | 25 26 27 28 29 30 31 32 33 34 35 36
-5 20090402 19 |  6  7  8  9 10 11 12 13 14 15 16 17
-6 20090402 18 |  7  8  9 10 11 12 13 14 15 16 17 18


NARRE-TL: 20090403.t01z run
----------------------------------------------------     -----------------------------------------------------
 0 20090403 01 |  1  2  3  4  5  6  7  8  9 10 11 12
-1 20090403 00 |  2  3  4  5  6  7  8  9 10 11 12 13      -7 20090402 18 |  8  9 10 11 12 13 14 15 16 17 18 19
-2 20090402 23 |  3  4  5  6  7  8  9 10 11 12 13 14     -13 20090402 12 | 14 15 16 17 18 19 20 21 22 23 24 25
-3 20090402 22 |  4  5  6  7  8  9 10 11 12 13 14 15     -19 20090402 06 | 20 21 22 23 24 25 26 27 28 29 30 31
-4 20090402 21 |  5  6  7  8  9 10 11 12 13 14 15 16     -25 20090402 00 | 26 27 28 29 30 31 32 33 34 35 36 37
-5 20090402 20 |  6  7  8  9 10 11 12 13 14 15 16 17
-6 20090402 19 |  7  8  9 10 11 12 13 14 15 16 17 18 


NARRE-TL: 20090403.t02z run
----------------------------------------------------     -----------------------------------------------------
 0 20090403 02 |  1  2  3  4  5  6  7  8  9 10 11 12
-1 20090403 01 |  2  3  4  5  6  7  8  9 10 11 12 13      -8 20090402 18 |  9 10 11 12 13 14 15 16 17 18 19 20
-2 20090403 00 |  3  4  5  6  7  8  9 10 11 12 13 14     -14 20090402 12 | 15 16 17 18 19 20 21 22 23 24 25 26
-3 20090402 23 |  4  5  6  7  8  9 10 11 12 13 14 15     -20 20090402 06 | 21 22 23 24 25 26 27 28 29 30 31 32
-4 20090402 22 |  5  6  7  8  9 10 11 12 13 14 15 16     -26 20090402 00 | 27 28 29 30 31 32 33 34 35 36 37 38
-5 20090402 21 |  6  7  8  9 10 11 12 13 14 15 16 17
-6 20090402 20 |  7  8  9 10 11 12 13 14 15 16 17 18


NARRE-TL: 20090403.t03z run
----------------------------------------------------     -----------------------------------------------------
 0 20090403 03 |  1  2  3  4  5  6  7  8  9 10 11 12
-1 20090403 02 |  2  3  4  5  6  7  8  9 10 11 12 13      -3 20090403 00 |  4  5  6  7  8  9 10 11 12 13 14 15
-2 20090403 01 |  3  4  5  6  7  8  9 10 11 12 13 14      -9 20090402 18 | 10 11 12 13 14 15 16 17 18 19 20 21
-3 20090403 00 |  4  5  6  7  8  9 10 11 12 13 14 15     -15 20090402 12 | 16 17 18 19 20 21 22 23 24 25 26 27
-4 20090402 23 |  5  6  7  8  9 10 11 12 13 14 15 16     -21 20090402 06 | 22 23 24 25 26 27 28 29 30 31 32 33
-5 20090402 22 |  6  7  8  9 10 11 12 13 14 15 16 17
-6 20090402 21 |  7  8  9 10 11 12 13 14 15 16 17 18

NARRE-TL: 20090403.t04z run
----------------------------------------------------     -----------------------------------------------------
 0 20090403 04 |  1  2  3  4  5  6  7  8  9 10 11 12
-1 20090403 03 |  2  3  4  5  6  7  8  9 10 11 12 13      -4 20090403 00 |  5  6  7  8  9 10 11 12 13 14 15 16
-2 20090403 02 |  3  4  5  6  7  8  9 10 11 12 13 14     -10 20090402 18 | 11 12 13 14 15 16 17 18 19 20 21 22
-3 20090403 01 |  4  5  6  7  8  9 10 11 12 13 14 15     -16 20090402 12 | 17 18 19 20 21 22 23 24 25 26 27 28
-4 20090403 00 |  5  6  7  8  9 10 11 12 13 14 15 16     -22 20090402 06 | 23 24 25 26 27 28 29 30 31 32 33 34
-5 20090402 23 |  6  7  8  9 10 11 12 13 14 15 16 17
-6 20090402 22 |  7  8  9 10 11 12 13 14 15 16 17 18

NARRE-TL: 20090403.t05z run
----------------------------------------------------     -----------------------------------------------------
 0 20090403 05 |  1  2  3  4  5  6  7  8  9 10 11 12
-1 20090403 04 |  2  3  4  5  6  7  8  9 10 11 12 13      -5 20090403 00 |  6  7  8  9 10 11 12 13 14 15 16 17
-2 20090403 03 |  3  4  5  6  7  8  9 10 11 12 13 14     -11 20090402 18 | 12 13 14 15 16 17 18 19 20 21 22 23
-3 20090403 02 |  4  5  6  7  8  9 10 11 12 13 14 15     -17 20090402 12 | 18 19 20 21 22 23 24 25 26 27 28 29
-4 20090403 01 |  5  6  7  8  9 10 11 12 13 14 15 16     -23 20090402 06 | 24 25 26 27 28 29 30 31 32 33 34 35
-5 20090403 00 |  6  7  8  9 10 11 12 13 14 15 16 17
-6 20090402 23 |  7  8  9 10 11 12 13 14 15 16 17 18


NARRE-TL: 20090403.t06z run
----------------------------------------------------     -----------------------------------------------------
 0 20090403 06 |  1  2  3  4  5  6  7  8  9 10 11 12
-1 20090403 05 |  2  3  4  5  6  7  8  9 10 11 12 13      -6 20090403 00 |  7  8  9 10 11 12 13 14 15 16 17 18
-2 20090403 04 |  3  4  5  6  7  8  9 10 11 12 13 14     -12 20090402 18 | 13 14 15 16 17 18 19 20 21 22 23 24
-3 20090403 03 |  4  5  6  7  8  9 10 11 12 13 14 15     -18 20090402 12 | 19 20 21 22 23 24 25 26 27 28 29 30
-4 20090403 02 |  5  6  7  8  9 10 11 12 13 14 15 16     -24 20090402 06 | 25 26 27 28 29 30 31 32 33 34 35 36
-5 20090403 01 |  6  7  8  9 10 11 12 13 14 15 16 17
-6 20090403 00 |  7  8  9 10 11 12 13 14 15 16 17 18


NARRE-TL: 20090403.t07z run
----------------------------------------------------     -----------------------------------------------------
 0 20090403 07 |  1  2  3  4  5  6  7  8  9 10 11 12
-1 20090403 06 |  2  3  4  5  6  7  8  9 10 11 12 13      -7 20090403 00 |  8  9 10 11 12 13 14 15 16 17 18 19
-2 20090403 05 |  3  4  5  6  7  8  9 10 11 12 13 14     -13 20090402 18 | 14 15 16 17 18 19 20 21 22 23 24 25
-3 20090403 04 |  4  5  6  7  8  9 10 11 12 13 14 15     -19 20090402 12 | 20 21 22 23 24 25 26 27 28 29 30 31
-4 20090403 03 |  5  6  7  8  9 10 11 12 13 14 15 16     -25 20090402 06 | 26 27 28 29 30 31 32 33 34 35 36 37
-5 20090403 02 |  6  7  8  9 10 11 12 13 14 15 16 17
-6 20090403 01 |  7  8  9 10 11 12 13 14 15 16 17 18

NARRE-TL: 20090403.t08z run
----------------------------------------------------     -----------------------------------------------------
 0 20090403 08 |  1  2  3  4  5  6  7  8  9 10 11 12
-1 20090403 07 |  2  3  4  5  6  7  8  9 10 11 12 13      -8 20090403 00 |  9 10 11 12 13 14 15 16 17 18 19 20
-2 20090403 06 |  3  4  5  6  7  8  9 10 11 12 13 14     -14 20090402 18 | 15 16 17 18 19 20 21 22 23 24 24 25
-3 20090403 05 |  4  5  6  7  8  9 10 11 12 13 14 15     -20 20090402 12 | 21 22 23 24 25 26 27 28 29 30 31 32
-4 20090403 04 |  5  6  7  8  9 10 11 12 13 14 15 16     -26 20090402 06 | 27 28 29 30 31 32 33 34 35 36 37 38
-5 20090403 03 |  6  7  8  9 10 11 12 13 14 15 16 17
-6 20090403 02 |  7  8  9 10 11 12 13 14 15 16 17 18


NARRE-TL: 20090403.t09z run
----------------------------------------------------    ------------------------------------------------------
 0 20090403 09 |  1  2  3  4  5  6  7  8  9 10 11 12
-1 20090403 08 |  2  3  4  5  6  7  8  9 10 11 12 13     -3 20090403 06 |  4  5  6  7  8  9 10 11 12 13 14 15
-2 20090403 07 |  3  4  5  6  7  8  9 10 11 12 13 14     -9 20090403 00 | 10 11 12 13 14 15 16 17 18 19 20 21
-3 20090403 06 |  4  5  6  7  8  9 10 11 12 13 14 15    -15 20090402 18 | 16 17 18 19 20 21 22 23 24 25 26 27
-4 20090403 05 |  5  6  7  8  9 10 11 12 13 14 15 16    -21 20090402 12 | 22 23 24 25 26 27 28 29 30 31 32 33
-5 20090403 04 |  6  7  8  9 10 11 12 13 14 15 16 17
-6 20090403 03 |  7  8  9 10 11 12 13 14 15 16 17 18


NARRE-TL: 20090403.t10z run
----------------------------------------------------    -----------------------------------------------------
 0 20090403 10 |  1  2  3  4  5  6  7  8  9 10 11 12
-1 20090403 09 |  2  3  4  5  6  7  8  9 10 11 12 13     -4 20090403 06 |  5  6  7  8  9 10 11 12 13 14 15 16
-2 20090403 08 |  3  4  5  6  7  8  9 10 11 12 13 14    -10 20090403 00 | 11 12 13 14 15 16 17 18 19 20 21 22
-3 20090403 07 |  4  5  6  7  8  9 10 11 12 13 14 15    -16 20090402 18 | 17 18 19 20 21 22 23 24 25 26 27 28
-4 20090403 06 |  5  6  7  8  9 10 11 12 13 14 15 16    -22 20090402 12 | 23 24 25 26 27 28 29 30 31 32 33 34
-5 20090403 05 |  6  7  8  9 10 11 12 13 14 15 16 17
-6 20090403 04 |  7  8  9 10 11 12 13 14 15 16 17 18


NARRE-TL: 20090403.t11z run
----------------------------------------------------    -----------------------------------------------------
 0 20090403 11 |  1  2  3  4  5  6  7  8  9 10 11 12
-1 20090403 10 |  2  3  4  5  6  7  8  9 10 11 12 13     -5 20090403 06 |  6  7  8  9 10 11 12 13 14 15 16 17
-2 20090403 09 |  3  4  5  6  7  8  9 10 11 12 13 14    -11 20090403 00 | 12 13 14 15 16 17 18 19 20 21 22 23
-3 20090403 08 |  4  5  6  7  8  9 10 11 12 13 14 15    -17 20090402 18 | 18 19 20 21 22 23 24 25 26 27 28 29
-4 20090403 07 |  5  6  7  8  9 10 11 12 13 14 15 16    -23 20090402 12 | 24 25 26 27 28 29 30 31 32 33 34 35
-5 20090403 06 |  6  7  8  9 10 11 12 13 14 15 16 17
-6 20090403 05 |  7  8  9 10 11 12 13 14 15 16 17 18

NARRE-TL: 20090403.t12z run
----------------------------------------------------    ------------------------------------------------------
 0 20090403 12 |  1  2  3  4  5  6  7  8  9 10 11 12
-1 20090403 11 |  2  3  4  5  6  7  8  9 10 11 12 13     -6 20090403 06 |  7  8  9 10 11 12 13 14 15 16 17 18
-2 20090403 10 |  3  4  5  6  7  8  9 10 11 12 13 14    -12 20090403 00 | 13 14 15 16 17 18 19 20 21 22 23 24
-3 20090403 09 |  4  5  6  7  8  9 10 11 12 13 14 15    -18 20090402 18 | 19 20 21 22 23 24 25 26 27 28 29 30
-4 20090403 08 |  5  6  7  8  9 10 11 12 13 14 15 16    -24 20090402 12 | 25 26 27 28 29 30 31 32 33 34 35 36
-5 20090403 07 |  6  7  8  9 10 11 12 13 14 15 16 17
-6 20090403 06 |  7  8  9 10 11 12 13 14 15 16 17 18

NARRE-TL: 20090403.t13z run
----------------------------------------------------    ------------------------------------------------------
 0 20090403 13 |  1  2  3  4  5  6  7  8  9 10 11 12
-1 20090403 12 |  2  3  4  5  6  7  8  9 10 11 12 13     -7 20090403 06 |  8  9 10 11 12 13 14 15 16 17 18 19
-2 20090403 11 |  3  4  5  6  7  8  9 10 11 12 13 14    -13 20090403 00 | 14 15 16 17 18 19 20 21 22 23 24 25
-3 20090403 10 |  4  5  6  7  8  9 10 11 12 13 14 15    -19 20090402 18 | 20 21 22 23 24 25 26 27 28 29 30 31
-4 20090403 09 |  5  6  7  8  9 10 11 12 13 14 15 16    -25 20090402 12 | 26 27 28 29 30 31 32 33 34 35 36 37
-5 20090403 08 |  6  7  8  9 10 11 12 13 14 15 16 17
-6 20090403 07 |  7  8  9 10 11 12 13 14 15 16 17 18

NARRE-TL: 20090403.t14z run
----------------------------------------------------    ------------------------------------------------------
 0 20090403 14 |  1  2  3  4  5  6  7  8  9 10 11 12
-1 20090403 13 |  2  3  4  5  6  7  8  9 10 11 12 13     -8 20090403 06 |  9 10 11 12 13 14 15 16 17 18 19 20
-2 20090403 12 |  3  4  5  6  7  8  9 10 11 12 13 14    -14 20090403 00 | 15 16 17 18 19 20 21 22 23 24 25 26
-3 20090403 11 |  4  5  6  7  8  9 10 11 12 13 14 15    -20 20090402 18 | 21 22 23 24 25 26 27 28 29 30 31 32
-4 20090403 10 |  5  6  7  8  9 10 11 12 13 14 15 16    -26 20090402 12 | 27 28 29 30 31 32 33 34 35 36 37 38
-5 20090403 09 |  6  7  8  9 10 11 12 13 14 15 16 17
-6 20090403 08 |  7  8  9 10 11 12 13 14 15 16 17 18


NARRE-TL: 20090403.t15z run
----------------------------------------------------     -----------------------------------------------------
 0 20090403 15 |  1  2  3  4  5  6  7  8  9 10 11 12
-1 20090403 14 |  2  3  4  5  6  7  8  9 10 11 12 13     -3 20090403 12 |  4  5  6  7  8  9 10 11 12 13 14 15 
-2 20090403 13 |  3  4  5  6  7  8  9 10 11 12 13 14     -9 20090403 06 | 10 11 12 13 14 15 16 17 18 19 20 21
-3 20090403 12 |  4  5  6  7  8  9 10 11 12 13 14 15    -15 20090403 00 | 16 17 18 19 20 21 22 23 24 25 26 27
-4 20090403 11 |  5  6  7  8  9 10 11 12 13 14 15 16    -21 20090402 18 | 22 23 24 25 26 27 28 29 30 31 32 33
-5 20090403 10 |  6  7  8  9 10 11 12 13 14 15 16 17
-6 20090403 09 |  7  8  9 10 11 12 13 14 15 16 17 18

NARRE-TL: 20090403.t16z run
----------------------------------------------------     -----------------------------------------------------
 0 20090403 16 |  1  2  3  4  5  6  7  8  9 10 11 12
-1 20090403 15 |  2  3  4  5  6  7  8  9 10 11 12 13     -4 20090403 12 |  5  6  7  8  9 10 11 12 13 14 15 16
-2 20090403 14 |  3  4  5  6  7  8  9 10 11 12 13 14    -10 20090403 06 | 11 12 13 14 15 16 17 18 19 20 21 22
-3 20090403 13 |  4  5  6  7  8  9 10 11 12 13 14 15    -16 20090403 00 | 17 18 19 20 21 22 23 24 25 26 27 28
-4 20090403 12 |  5  6  7  8  9 10 11 12 13 14 15 16    -22 20090402 18 | 23 24 25 26 27 28 29 30 31 32 33 34
-5 20090403 11 |  6  7  8  9 10 11 12 13 14 15 16 17
-6 20090403 10 |  7  8  9 10 11 12 13 14 15 16 17 18

NARRE-TL: 20090403.t17z run
----------------------------------------------------     -----------------------------------------------------
 0 20090403 17 |  1  2  3  4  5  6  7  8  9 10 11 12
-1 20090403 16 |  2  3  4  5  6  7  8  9 10 11 12 13     -5 20090403 12 |  6  7  8  9 10 11 12 13 14 15 16 17
-2 20090403 15 |  3  4  5  6  7  8  9 10 11 12 13 14    -11 20090403 06 | 12 13 14 15 16 17 18 19 20 21 22 23
-3 20090403 14 |  4  5  6  7  8  9 10 11 12 13 14 15    -17 20090403 00 | 18 19 20 21 22 23 24 25 26 27 28 29
-4 20090403 13 |  5  6  7  8  9 10 11 12 13 14 15 16    -23 20090402 18 | 24 25 26 27 28 29 30 31 32 33 34 35
-5 20090403 12 |  6  7  8  9 10 11 12 13 14 15 16 17
-6 20090403 11 |  7  8  9 10 11 12 13 14 15 16 17 18

NARRE-TL: 20090403.t18z run
----------------------------------------------------     -----------------------------------------------------
 0 20090403 18 |  1  2  3  4  5  6  7  8  9 10 11 12
-1 20090403 17 |  2  3  4  5  6  7  8  9 10 11 12 13     -6 20090403 12 |  7  8  9 10 11 12 13 14 15 16 17 18
-2 20090403 16 |  3  4  5  6  7  8  9 10 11 12 13 14    -12 20090403 06 | 13 14 15 16 17 18 19 20 21 22 23 24
-3 20090403 15 |  4  5  6  7  8  9 10 11 12 13 14 15    -18 20090403 00 | 19 20 21 22 23 24 25 26 27 28 29 30
-4 20090403 14 |  5  6  7  8  9 10 11 12 13 14 15 16    -24 20090402 18 | 25 26 27 28 29 30 31 32 33 34 35 36
-5 20090403 13 |  6  7  8  9 10 11 12 13 14 15 16 17
-6 20090403 12 |  7  8  9 10 11 12 13 14 15 16 17 18

NARRE-TL: 20090403.t19z run
----------------------------------------------------     -----------------------------------------------------
 0 20090403 19 |  1  2  3  4  5  6  7  8  9 10 11 12
-1 20090403 18 |  2  3  4  5  6  7  8  9 10 11 12 13     -7 20090403 12 |  8  9 10 11 12 13 14 15 16 17 18 19
-2 20090403 17 |  3  4  5  6  7  8  9 10 11 12 13 14    -13 20090403 06 | 14 15 16 17 18 19 20 21 22 23 24 25
-3 20090403 16 |  4  5  6  7  8  9 10 11 12 13 14 15    -19 20090403 00 | 20 21 22 23 24 25 26 27 28 29 30 31
-4 20090403 15 |  5  6  7  8  9 10 11 12 13 14 15 16    -25 20090402 18 | 26 27 28 29 30 31 32 33 34 35 36 37
-5 20090403 14 |  6  7  8  9 10 11 12 13 14 15 16 17
-6 20090403 13 |  7  8  9 10 11 12 13 14 15 16 17 18

NARRE-TL: 20090403.t20z run
----------------------------------------------------     -----------------------------------------------------
 0 20090403 20 |  1  2  3  4  5  6  7  8  9 10 11 12
-1 20090403 19 |  2  3  4  5  6  7  8  9 10 11 12 13     -8 20090403 12 |  9 10 11 12 13 14 15 16 17 18 19 20
-2 20090403 18 |  3  4  5  6  7  8  9 10 11 12 13 14    -14 20090403 06 | 15 16 17 18 19 20 21 22 23 24 25 26
-3 20090403 17 |  4  5  6  7  8  9 10 11 12 13 14 15    -20 20090403 00 | 21 22 23 24 25 26 27 28 29 30 31 32
-4 20090403 16 |  5  6  7  8  9 10 11 12 13 14 15 16    -26 20090402 18 | 27 28 29 30 31 32 33 34 35 36 37 38
-5 20090403 15 |  6  7  8  9 10 11 12 13 14 15 16 17
-6 20090403 14 |  7  8  9 10 11 12 13 14 15 16 17 18



NARRE-TL: 20090403.t21z run
----------------------------------------------------    -------------------------------------------------------
 0 20090403 21 |  1  2  3  4  5  6  7  8  9 10 11 12
-1 20090403 20 |  2  3  4  5  6  7  8  9 10 11 12 13    -3 20090403 18 |  4  5  6  7  8  9 10 11 12 13 14 15
-2 20090403 19 |  3  4  5  6  7  8  9 10 11 12 13 14    -9 20090403 12 | 10 11 12 13 14 15 16 17 18 19 20 21
-3 20090403 18 |  4  5  6  7  8  9 10 11 12 13 14 15   -15 20090403 06 | 16 17 18 19 20 21 22 23 24 25 26 27
-4 20090403 17 |  5  6  7  8  9 10 11 12 13 14 15 16   -21 20090403 00 | 22 23 24 25 26 27 28 29 30 31 32 33
-5 20090403 16 |  6  7  8  9 10 11 12 13 14 15 16 17
-6 20090403 15 |  7  8  9 10 11 12 13 14 15 16 17 18

NARRE-TL: 20090403.t22z run
----------------------------------------------------    -------------------------------------------------------
 0 20090403 22 |  1  2  3  4  5  6  7  8  9 10 11 12
-1 20090403 21 |  2  3  4  5  6  7  8  9 10 11 12 13    -4 20090403 18 |  5  6  7  8  9 10 11 12 13 14 15 16
-2 20090403 20 |  3  4  5  6  7  8  9 10 11 12 13 14   -10 20090403 12 | 11 12 13 14 15 16 17 18 19 20 21 22
-3 20090403 19 |  4  5  6  7  8  9 10 11 12 13 14 15   -16 20090403 06 | 17 18 19 20 21 22 23 24 25 26 27 28
-4 20090403 18 |  5  6  7  8  9 10 11 12 13 14 15 16   -22 20090403 00 | 23 24 25 26 27 28 29 30 31 32 33 34
-5 20090403 17 |  6  7  8  9 10 11 12 13 14 15 16 17
-6 20090403 16 |  7  8  9 10 11 12 13 14 15 16 17 18

NARRE-TL: 20090403.t23z run
----------------------------------------------------    -------------------------------------------------------
 0 20090403 23 |  1  2  3  4  5  6  7  8  9 10 11 12
-1 20090403 22 |  2  3  4  5  6  7  8  9 10 11 12 13    -5 20090403 18 |  6  7  8  9 10 11 12 13 14 15 16 17
-2 20090403 21 |  3  4  5  6  7  8  9 10 11 12 13 14   -11 20090403 12 | 12 13 14 15 16 17 18 19 20 21 22 23
-3 20090403 20 |  4  5  6  7  8  9 10 11 12 13 14 15   -17 20090403 06 | 18 19 20 21 22 23 24 25 26 27 28 29
-4 20090403 19 |  5  6  7  8  9 10 11 12 13 14 15 16   -23 20090403 00 | 24 25 26 27 28 29 30 31 32 33 34 35
-5 20090403 18 |  6  7  8  9 10 11 12 13 14 15 16 17
-6 20090403 17 |  7  8  9 10 11 12 13 14 15 16 17 18











